       0
       0       3
       0       0      12
       0       0       1      43
       0       0       1       3     130
       0       0       0       1      10     800
       0       0       0       1       4      95    1500
       0       0       0       0       1      25     350    8000
       0       0       0       0       0       9      90    1500   25000
       0       0       0       0       0       4      50     280    4000   50000
       0       0       0       0       0       1      22     150    1000    5000  100000
       0       0       0       0       0       0       8      80     400    2500   25000  100000
       0       0       0       0       0       0       5      32     200    1000    5000   25000  100000
       0       0       0       0       0       0       1      20      80     600    3500   10000   50000  100000
       0       0       0       0       0       0       1       9      42     310    1100    8000   25000   50000  100000
       0       0       0       0       0       0       0      10      25     100     300    2800   25000   50000  100000  100000